1 0.000161775
2 4.92047e-05
3 4.93999e-07
4 0.000523998
5 0.000523998
6 0.000137921
7 0.000137921
8 7.0984e-05
9 1.23829e-05
10 7.0984e-05
11 2.47629e-05
12 6.7076e-06
13 6.7076e-06
14 9.90848e-06
15 9.90848e-06
16 5.84987e-05
17 5.84987e-05
18 0.000172245
19 0.000172245
20 4.74019e-05
21 7.84007e-05
22 7.84007e-05
23 2.52712e-05
24 4.43292e-05
25 3.92943e-05
26 3.92943e-05
27 0.000325589
28 0.000325589
29 0.00015114
30 0.00015114
31 4.19902e-05
32 4.7046e-07
33 6.50379e-05
34 6.50379e-05
35 7.15532e-05
36 7.15532e-05
37 2.04321e-05
38 2.04321e-05
39 6.71386e-05
40 2.36283e-05
41 2.11748e-08
42 1.90924e-05
43 2.99821e-05
44 0.000102459
45 0.000258124
46 6.79501e-06
47 0.000102686
48 1.72805e-05
49 0.000137383
50 2.02039e-05
51 2.02039e-05
52 0.000529292
53 0.000529292
54 2.75651e-06
55 2.75651e-06
56 0.000512097
57 0.000512097
58 3.45434e-05
59 1.43086e-05
60 5.64176e-07
