1 0.000128331
2 0.000139236
3 1.41616e-05
4 0.000120527
5 4.708e-07
6 3.84634e-05
7 3.39988e-05
8 3.39988e-05
9 1.24384e-05
10 0.00013785
11 6.36193e-05
12 8.88972e-05
13 6.25263e-05
14 3.21874e-05
15 1.99101e-05
16 2.61625e-07
17 2.13765e-07
18 2.13765e-07
19 7.44013e-05
20 7.44013e-05
21 5.56589e-07
22 1.54873e-06
23 4.13978e-05
24 1.04644e-06
25 0.000325498
26 2.23642e-07
27 0.000334456
28 0.000334456
29 1.34227e-06
30 1.25624e-06
31 6.20237e-05
32 1.82831e-05
33 1.82831e-05
34 0.000467452
35 0.000467452
36 6.15106e-05
37 9.66486e-05
38 0.000224234
39 0.000119785
40 0.000119785
41 2.52748e-05
42 8.9272e-05
43 0.000118925
44 1.13825e-05
45 4.98972e-06
46 3.73823e-05
47 0.000385436
48 0.000385436
49 0.000207146
50 0.000207146
51 0.000242896
52 6.2497e-05
53 0.000508696
54 2.07018e-08
55 4.34998e-06
56 3.04681e-05
57 2.18034e-05
58 1.18548e-05
59 5.00577e-05
