1 2.17471e-05
2 0.000144234
3 6.87297e-05
4 0.000111663
5 1.95195e-08
6 2.4642e-06
7 0.000596647
8 3.71596e-05
9 4.11108e-06
10 0.00012279
11 5.60222e-05
12 5.60222e-05
13 0.000126412
14 3.12478e-07
15 1.15406e-05
16 4.50139e-05
17 0.000474326
18 4.25327e-05
19 5.43921e-07
20 7.94752e-06
21 2.86628e-05
22 7.04985e-07
23 2.84355e-05
24 0.000150863
25 5.91509e-07
26 5.25179e-05
27 6.49548e-05
28 1.08543e-05
29 0.000146325
30 0.00020957
31 1.12071e-05
32 3.57702e-05
33 4.81444e-06
34 0.000535096
35 0.00113014
36 6.08285e-05
37 6.62624e-05
38 7.12173e-05
39 3.12232e-06
40 0.000451528
41 3.88905e-05
42 2.51281e-05
43 1.73598e-06
44 0.000444053
45 2.61376e-05
46 7.60446e-05
47 0.000187929
48 1.17413e-05
49 7.01969e-05
50 1.29704e-05
51 0.000133241
52 9.10662e-05
53 3.40681e-05
54 1.46492e-05
55 3.02653e-05
56 8.01165e-05
57 1.30929e-05
58 0.000573298
