1 0.000277309
2 2.84446e-06
3 5.72265e-06
4 6.86433e-05
5 1.07023e-05
6 0.000145664
7 0.000232276
8 6.11404e-06
9 1.46461e-05
10 6.32655e-05
11 1.04342e-06
12 7.11786e-06
13 0.000414458
14 6.63791e-05
15 0.000219697
16 8.1175e-05
17 4.49239e-05
18 0.000404121
19 0.000500447
20 1.38922e-05
21 3.18172e-05
22 0.000141273
23 8.43715e-06
24 0.000118756
25 0.000118756
26 1.46288e-05
27 1.46288e-05
28 3.19468e-05
29 3.19468e-05
30 3.75947e-07
31 3.75947e-07
32 7.43157e-07
33 1.01504e-05
34 1.93384e-05
35 1.93384e-05
36 7.97618e-06
37 7.97618e-06
38 0.000154101
39 0.000154101
40 1.43939e-05
41 1.43939e-05
42 6.10683e-08
43 6.10683e-08
44 1.55172e-05
45 5.44298e-05
46 4.12198e-05
47 4.12198e-05
48 0.000355265
49 0.000355265
50 3.07532e-05
51 3.07532e-05
52 1.44175e-06
53 1.44175e-06
54 5.71243e-05
55 5.71243e-05
56 1.19833e-05
57 1.19833e-05
58 1.57442e-05
59 0.000194854
