1 2.81968e-07
2 5.74818e-07
3 3.84868e-08
4 3.84868e-08
5 2.40222e-08
6 2.40222e-08
7 1.54683e-06
8 1.54683e-06
9 3.52069e-09
10 1.07761e-06
11 7.75289e-08
12 6.8356e-07
13 6.8356e-07
14 3.17997e-06
15 3.17997e-06
16 1.5673e-07
17 1.5673e-07
18 4.60754e-06
19 4.60754e-06
20 9.00024e-08
21 1.15242e-06
22 1.19331e-07
23 1.19331e-07
24 3.79223e-08
25 3.86063e-06
26 3.17068e-08
27 9.98303e-07
28 8.61474e-07
29 7.49874e-07
30 5.17569e-09
31 1.50583e-06
32 5.50485e-07
33 9.69395e-07
34 9.69395e-07
35 5.21407e-06
36 5.21407e-06
37 2.16438e-07
38 9.7881e-08
39 4.5609e-08
40 2.54658e-08
41 2.21405e-06
42 1.02135e-06
43 1.33071e-06
44 5.45303e-07
45 2.30031e-06
46 1.76526e-07
47 2.53176e-06
48 1.65757e-06
49 3.1749e-07
50 6.89868e-07
51 9.98362e-07
52 2.96738e-07
53 1.80043e-07
54 1.8455e-07
55 4.72883e-07
56 4.15108e-08
57 2.11832e-09
58 7.34328e-08
59 7.34328e-08
