1 0.000119655
2 0.0108894
3 0.00426017
4 0.00911118
5 0.00220714
6 0.00422442
7 0.0154483
8 0.000225656
9 0.00672181
10 0.044497
11 0.00261231
12 0.00201834
13 0.000901601
14 2.26879e-05
15 0.0144759
16 0.0105914
17 0.00632302
18 0.00702738
19 0.0446263
20 0.000658
21 7.84321e-06
22 0.0254503
23 0.00749408
24 0.0161113
25 0.0287349
26 0.00702044
27 0.00094736
28 0.0244456
29 0.0244456
30 0.00608567
31 0.00608567
32 6.74995e-06
33 6.74995e-06
34 0.0157218
35 0.0157218
36 0.00974612
37 0.0166393
38 0.00778118
39 0.00778118
40 0.00136947
41 0.0504563
42 0.000108215
43 0.062905
44 0.041226
45 0.00370948
46 0.000121889
47 0.00205607
48 0.00183546
49 0.0134393
50 0.0134393
51 0.0211984
52 0.0211984
53 0.00758849
54 0.00758849
55 0.00272868
56 0.00272868
57 0.00191458
58 0.00191458
59 0.0407066
