1 2.85068e-06
2 4.23721e-05
3 0.000235219
4 3.55693e-06
5 3.55693e-06
6 4.68873e-08
7 8.48392e-05
8 0.000141963
9 0.000235219
10 5.55703e-05
11 0.000110099
12 0.000200184
13 0.000308166
14 0.000308166
15 7.84989e-07
16 7.84989e-07
17 5.45281e-06
18 6.62778e-05
19 0.000325719
20 1.90308e-06
21 1.90308e-06
22 8.77065e-06
23 8.77065e-06
24 2.27313e-05
25 -1.70942e-09
26 3.83132e-05
27 2.6231e-05
28 9.58132e-05
29 0.000194084
30 2.94416e-06
31 3.92109e-06
32 8.03979e-07
33 1.04329e-05
34 8.30766e-06
35 0.000140901
36 0.000113673
37 0.00015965
38 2.78059e-05
39 1.60006e-07
40 1.60006e-07
41 0.000731272
42 0.000731272
43 0.000287186
44 0.000287186
45 3.891e-05
46 3.891e-05
47 2.44761e-05
48 2.44761e-05
49 4.32346e-05
50 0.000408837
51 -3.75585e-10
52 0.000174321
53 2.21993e-05
54 9.46063e-06
55 2.167e-06
56 3.79314e-05
57 0.000246652
58 3.56486e-05
59 0.000249405
60 0.000248216
